00000000110000000000000100000000000000000100000000
00000000000000000000000000000000000000000000000000
00001000000000000000000000010010000000000001000000
00000000000000000100000110000000000100000110000000
00100000000000000000000000010000000010000000000000
00000000000000010000000000100010000100000001000001
00000000000000000000100000000001000000100000000000
00000000000000000001000000000100000001000000000000
10000000010000000000000000000000000000000000000000
10000000100000000000000000000000100000010100000000
00000000000000000000000000000000000000000000000000
00000000000000000000000001010000000010000001001001
00000000000001101000000010000000000000000000000010
00000000000010001000010000000000001000000000000000
00000000000010000000001010100000000000001000000010
00000100000000000000000010100000000100000000000000
00000000000011000000000010000000001000000100010100
00010000000000000000000100000000000000000010000000
00000000000000000000000000001000000000000000000000
00000001000000000000000000000000000001000000010100
00000010000000000000000000001001000000100000100000
00000000000001000000000000000000001000000000000010
00000000000000100000000000000000010000001000000010
10010000000000000100000000000000000000000100000000
00010000000010111000000000100000000100000100000000
00000000000100000000000000000000010000001000000001
00000100000000110000000010000000000000001000000001
00101000000100000000000000000000000010000001000000
00000000000000000010100000000000000000000000100000
00000001000000000000000000000001000001000000000000
00100100000000000000000000000000000100000010000000
00000010000000000000100000000100000001000000100000
00000000010000000000000000000000000000010100010000
00000000000000000000001001000000000000001000000000
00000000000001001000010000000000000001000000000100
00010100000000010000000010000010000000000010000000
00001000000100000000000000010000000000000000001000
00000001000000000001000000000101001000000000000100
00000010000000000000100000000000000000000000000000
00000000010000000000000000000000100000000000000000
00000000000000100000001001100000010000000000000001
10010000010000001000000110000000100000000000010000
00010000000000000100000000000010000100000000000000
00100100000100000000000000010000000000000000000001
00000000000000000000100000001001000000000000000000
00000000000000001001000000000000100000000100000100
00000000000100000000000000000000000010000000000000
00000000000000001001000000000000001001000000010000
00000000000010100000011000000000000000000000000000
00000100000100000000000001100000000000001001000000
